4
153
265
242
211
193
221
220
15
206
140
288
50
71
29
28
61
59
144
255
96
292
26
75
293
167
176
230
89
155
86
168
41
148
239
173
174
56
92
235
177
291
16
122
264
63
214
58
282
165
197
189
120
158
67
247
51
278
191
124
22
68
115
231
27
201
194
152
295
285
203
286
119
195
243
32
137
269
163
160
79
48
100
118
222
200
208
241
185
166
263
249
113
259
65
260
45
218
13
17
36
156
154
219
130
268
274
256
44
2
8
216
240
138
43
179
172
53
129
33
299
38
126
267
135
275
151
31
82
297
108
224
225
131
99
248
252
237
80
262
83
74
98
133
66
254
25
143
207
39
112
47
60
136
49
261
1
7
5
3
280
296
84
290
55
81
188
161
187
95
72
271
19
85
215
277
186
139
121
73
132
6
18
213
223
104
114
227
196
210
106
217
190
105
212
21
159
125
14
128
180
289
181
300
40
46
169
147
298
107
170
10
283
94
232
294
76
149
109
145
198
175
134
276
257
142
103
204
250
69
272
64
127
34
281
102
52
178
97
57
164
233
20
279
234
62
78
205
253
182
244
54
9
11
199
123
251
23
146
77
184
171
245
236
110
238
116
87
70
12
228
101
42
266
270
24
287
273
88
246
226
150
258
90
284
192
30
93
141
111
35
229
37
157
91
117
162
183
202
209